cam_width 1000

cam_height 800

cam_FOV 50

cam_pos 4 15 -16

cam_target 0 0 0

cam_up 0 1 0

sphere 0.4 0.5 1.4 8  0  0.01 0.01 0.01   0.8 0.01 0.01   0.8 0.8 0.8 20
sphere 0.2 0.2 1.2 7.3  0  0.01 0.01 0.01   0.98 0.307 0.106   0.01 0.01 0.01 20
sphere 0.2 -0.2 1.2 7.8  0  0.01 0.01 0.01   0.98 0.307 0.106   0.01 0.01 0.01 20

triangle -5 -4 -5  -5 -4 0   0 -4 0  1  0.01 0.01 0.01   0.6 0.6 0.6   0.01 0.01 0.01 20    
triangle  0 -4 0  0 -4 -5  -5 -4 -5  1  0.01 0.01 0.01   0.6 0.6 0.6   0.01 0.01 0.01 20 
triangle -5 -4 0  -5 -4 5   0 -4 5  1  0.01 0.01 0.01   0.1 0.1 0.1   0.01 0.01 0.01 20    
triangle  0 -4 5  0 -4 0  -5 -4 0  1  0.01 0.01 0.01   0.1 0.1 0.1   0.01 0.01 0.01 20 
triangle  0 -4 0  0 -4 5  5 -4 5  1  0.01 0.01 0.01   0.6 0.6 0.6   0.01 0.01 0.01 20 
triangle  5 -4 5  5 -4 0  0 -4 0  1  0.01 0.01 0.01   0.6 0.6 0.6   0.01 0.01 0.01 20 
triangle 0 -4 -5  0 -4 0   5 -4 0  1  0.01 0.01 0.01   0.1 0.1 0.1   0.01 0.01 0.01 20    
triangle  5 -4 0  5 -4 -5  0 -4 -5  1  0.01 0.01 0.01   0.1 0.1 0.1   0.01 0.01 0.01 20 
triangle -5 -4 5  -5 -4 10   0 -4 10  1  0.01 0.01 0.01   0.6 0.6 0.6   0.01 0.01 0.01 20    
triangle  0 -4 10  0 -4 5  -5 -4 5  1  0.01 0.01 0.01   0.6 0.6 0.6   0.01 0.01 0.01 20 
triangle 0 -4 5  0 -4 10   5 -4 10  1  0.01 0.01 0.01   0.1 0.1 0.1   0.01 0.01 0.01 20    
triangle  5 -4 10  5 -4 5  0 -4 5  1  0.01 0.01 0.01   0.1 0.1 0.1   0.01 0.01 0.01 20

triangle -5 -4 -5  -5 4 -5   -5 4 10  0  0.01 0.01 0.01   0.109 0.581 0.706   0.01 0.01 0.01 10    
triangle  -5 4 10  -5 -4 10  -5 -4 -5  0  0.01 0.01 0.01   0.109 0.581 0.706   0.01 0.01 0.01 10
triangle -5 -4 10  -5 4 10   5 4 10  0  0.01 0.01 0.01   0.109 0.581 0.706   0.01 0.01 0.01 10    
triangle  5 4 10  5 -4 10  -5 -4 10  0  0.01 0.01 0.01   0.109 0.581 0.706   0.01 0.01 0.01 10

triangle -2.5 1 4  -2.5 1 9   2.5 1 9  0  0.01 0.01 0.01   0.35 0.19 0.07   0.01 0.01 0.01 20    
triangle  2.5 1 9  2.5 1 4  -2.5 1 4  0  0.01 0.01 0.01   0.35 0.19 0.07   0.01 0.01 0.01 20
triangle 2.5 0.65 9  -2.5 0.65 9   -2.5 0.65 4  0  0.01 0.01 0.01   0.35 0.19 0.07   0.01 0.01 0.01 20    
triangle  -2.5 0.65 4  2.5 0.65 4  2.5 0.65 9  0  0.01 0.01 0.01   0.35 0.19 0.07   0.01 0.01 0.01 20
triangle -2.5 0.65 4  -2.5 1 4   2.5 1 4  0  0.01 0.01 0.01   0.35 0.19 0.07   0.01 0.01 0.01 20    
triangle  2.5 1 4  2.5 0.65 4  -2.5 0.65 4  0  0.01 0.01 0.01   0.35 0.19 0.07   0.01 0.01 0.01 20
triangle 2.5 0.65 4  2.5 1 4   2.5 1 9  0  0.01 0.01 0.01   0.35 0.19 0.07   0.01 0.01 0.01 20    
triangle  2.5 1 9  2.5 0.65 9  2.5 0.65 4  0  0.01 0.01 0.01   0.35 0.19 0.07   0.01 0.01 0.01 20
triangle -0.3 -3.9 6.2  -0.3 0.65 6.2   0.3 0.65 6.2  0  0.01 0.01 0.01   0.35 0.19 0.07   0.01 0.01 0.01 20    
triangle  0.3 0.65 6.2  0.3 -3.9 6.2  -0.3 -3.9 6.2  0  0.01 0.01 0.01   0.35 0.19 0.07   0.01 0.01 0.01 20
triangle 0.3 -3.9 6.2  0.3 0.65 6.2   0.3 0.65 6.8  0  0.01 0.01 0.01   0.35 0.19 0.07   0.01 0.01 0.01 20    
triangle  0.3 0.65 6.8  0.3 -3.9 6.8  0.3 -3.9 6.2  0  0.01 0.01 0.01   0.35 0.19 0.07   0.01 0.01 0.01 20
triangle -1 -3.9 5.5  -1 -3.9 7.5   1 -3.9 7.5  0  0.01 0.01 0.01   0.35 0.19 0.07   0.01 0.01 0.01 20    
triangle  1 -3.9 7.5  1 -3.9 5.5  -1 -3.9 5.5  0  0.01 0.01 0.01   0.35 0.19 0.07   0.01 0.01 0.01 20

light -2 4 -2	1 1 1   0.6 0.6 0.6  1 1 1
